% clc;
NanoCal7342 = [-0.945276141167 14.673559188843 0.251662999392 -14.892200469971 -0.854624807835 0.034513175488;
               -1.218097448349 8.507685661316 0.290225595236 8.571142196655 0.359153538942 -15.620537757874;
               31.366113662720 -0.230420812964 33.314903259277 -3.125695466995 31.098123550415 -1.069735527039;
               0.30322378145 0.066980041564 -0.319723844528 0.103967882693 -0.001458660932 -0.130432561040;
               0.193719193339 -0.126953214407 -0.178887739778 0.108451113105 -0.345610052347 0.014784947038;
               0.0191185379148 -0.133745849133 -0.004101011436 -0.133481815457 -0.000396022137 -0.125358402729];

NanoCal7384 = [0.057807475328 -0.035551961511 -0.8716354372 15.385014533997 1.329950928688 -15.349247932434;
                1.444275617599 -16.761514663696 -0.645147442818 8.934163093567 -1.32398790815 8.745621681213 ;
                32.361305236816 -1.576949477196 35.048274993897 -2.449113607407 32.238517761231 -1.061720013618;
                0.021183166653 -0.141423746943 0.321929842234 0.054635308683 -0.332630068064 0.085132390261;
                -0.377395898104 0.017584657297 0.211099267006 -0.144584447145 0.161362856627 0.125214055181;
                0.003047179198 -0.137195736170 0.015748420730 0.015748420730 -0.143609076738 0.016560507938;];
            

%FStoR = (90+60)*pi/180;

%delay =0;